@subtask samples
manual 0_1.in
manual 0_2.in

@subtask group1
@include samples
gen1    2 100 1 1 1 1000 1 100 dd2
gen1    100 100 1 0 0 1000 1 100 dd2
gen1    100 100 1 1 0 1000 1 10 dd1
gen1    10000 1000 1 1 1 10000 999 1000 dd3
gen1    100000 1000 1 1 1 1000000 100 50000 dd4 
gen1    300000 1000 1 1 1 1000000 100 50000 dd4 

@subtask group2
gen1    100000 1000 1 0 0 10000000 1 50000 cc6
gen1    100000 1000 1 0 0 10000000 1 30 cc6
gen1    10000 300000 1 0 0 1000000 1 100 cc1 
gen1    10000 300000 1 0 0 1000000 1 5000 cc1 
gen1    100000 100000 1 0 0 100000000 1 100000 cc2 
gen1    100000 100000 1 0 0 100000000 3000 3000 cc3 
gen1    300000 300000 1 0 0 100000000 1 100 cc4
gen1    300000 300000 1 0 0 100000000 1 150000 cc4
gen1    300000 300000 1 0 0 100000000 1 1 cc4

@subtask group3
gen1    100 100 1 1 0 1000 1 100 dd2
gen1    100 100 1 1 0 1000 1 10 dd1
gen1    10000 1000 1 1 0 10000 999 1000 dd3
gen1    100000 1000 1 1 0 1000000 100 50000 dd4 
gen1    100000 1000 1 1 0 10000000 1 50000 cc6
gen1    100000 1000 1 1 0 10000000 1 30 cc6
gen1    10000 300000 1 1 0 1000000 1 100 cc1 
gen1    10000 300000 1 1 0 1000000 1 5000 cc1 
gen1    100000 100000 1 1 0 100000000 1 100000 cc2 
gen1    100000 100000 1 1 0 100000000 3000 3000 cc3 
gen1    300000 300000 1 1 0 100000000 1 100 cc4
gen1    300000 300000 1 1 0 100000000 1 150000 cc4
gen1    200000 200000 1 1 0 100000000 1 100000 bb12
gen1    200000 200000 1 1 0 100000000 1 200 bb13
gen1    100000 10000 1 1 0 1000000 1 100000 bb11
gen1    10000 100000 1 1 0 1000000 1 2000 bb12
gen1    300000 300000 1 1 0 100000000 1 1 cc6
bsame   30000  200000 1 1 0 10000000 1 10000 bb14
bsame   60000  200000 1 1 0 10000000 1 20000 bb16
bsame   200000  200000 1 1 0 10000000 1 100000 bb17
bsame   200000  200000 1 1 0 10000000 1 1 bb17

@subtask group4
@include group1
@include group2
@include group3
gen1    100 100 1 1 1 1000 1 100 dd2
gen1    100 100 1 1 1 1000 1 10 dd1
gen1    10000 1000 1 1 1 10000 999 1000 dd3
gen1    100000 1000 1 1 1 1000000 100 50000 dd4 
gen1    100000 1000 1 1 1 10000000 1 50000 cc6
gen1    100000 1000 1 1 1 10000000 1 30 cc6
gen1    10000 300000 1 1 1 1000000 1 100 cc1 
gen1    10000 300000 1 1 1 1000000 1 5000 cc1 
gen1    100000 100000 1 1 1 100000000 1 100000 cc2 
gen1    100000 100000 1 1 1 100000000 3000 3000 cc3 
gen1    300000 300000 1 1 1 100000000 1 100 cc4
gen1    300000 300000 1 1 1 100000000 1 150000 cc4
gen1    200000 200000 1 1 1 100000000 1 100000 bb12
gen1    200000 200000 1 1 1 100000000 1 200 bb13
gen1    100000 10000 1 1 1 1000000 1 100000 bb11
gen1    10000 100000 1 1 1 1000000 1 2000 bb12
gen1    300000 300000 1 1 1 100000000 1 1 cc6
bsame   30000  200000 1 1 1 10000000 1 10000 bb14
bsame   60000  200000 1 1 1 10000000 1 20000 bb16
bsame   200000 200000 1 1 1 10000000 1 100000 bb17
bsame   200000 200000 1 1 1 10000000 1 1 bb17
gen1    300000 300000 1 1 1 100000000 1 100000 tt
gen1    300000 300000 1 1 1 100000000 1 100000 tt1
gen1    300000 300000 1 1 1 1000000000 1 200000 tt2
gen1    300000 300000 1 1 1 1000000000 1 300000 tt3
gen1    300000 300000 1 1 1 1000000000 300000 300000 tt3